,cell_id,distance,channel_1,channel_2,channel_3,channel_4
0,1,6.449617063186432,530.6012058570199,445.1972437553833,172.63824289405684,1526.7760551248923
1,2,5.578451283320032,593.4115523465704,521.6871239470518,176.03850782190133,700.9518652226234
2,3,5.516604656921092,725.5314769975787,733.6658595641646,167.54600484261502,410.23365617433416
3,4,5.331709478404956,487.36541143654114,373.74198047419804,142.94979079497907,650.6569037656903
4,5,9.225608962451924,800.0514842300556,605.6377551020408,188.18645640074212,278.595547309833
5,6,5.447668367326954,818.6328938237335,777.0562109646079,158.0083275503123,559.029840388619
6,7,13.308601820499746,662.4674502712477,369.1627486437613,184.4900542495479,352.9638336347197
7,8,7.490604234009638,878.8705583756346,856.4486040609137,183.16687817258884,287.744923857868
8,9,6.16138046665251,702.5949781659389,410.7117903930131,173.67467248908298,363.94868995633186
9,10,5.591693681429067,685.7125,1104.2670454545455,156.81363636363636,421.1125
10,11,6.002404921830229,663.6691800188502,554.7615457115928,182.14326107445805,363.5532516493874
11,12,6.450605447458694,749.1336683417086,584.2763819095477,191.82713567839195,500.9859296482412
12,13,11.65477579808414,892.47197640118,575.1368731563422,186.69793510324484,338.5669616519174
13,14,14.151746962744177,599.1569664902999,348.6763668430335,168.34391534391534,379.2495590828924
14,15,14.183526832321128,646.3689936536719,339.7824116047144,166.7207615593835,412.4315503173164
15,16,7.395034474477114,672.8106904231626,578.6826280623608,188.58463251670378,376.4632516703786
16,17,13.621039451217998,558.3058744091829,458.28696826468604,177.89399054692774,461.3558406482107
17,18,7.6530017076532255,894.7979426891991,568.4908155767818,191.75532696546657,310.539309331374
18,19,17.55585819946515,762.9604922279793,423.8277202072539,170.9961139896373,444.36917098445593
19,20,18.334723784380962,828.3734249713631,599.6735395189004,185.38946162657504,372.84765177548684
20,21,7.947937747052143,893.41063727839,797.302827024437,179.90656444657404,714.1432678485864
21,22,11.452768364766907,581.5515463917526,266.23539518900344,149.3762886597938,519.5463917525773
22,23,6.296858568894541,647.2412101390024,493.6516762060507,173.33605887162716,313.9239574816026
23,24,8.9468635606159,703.0400763358779,444.8416030534351,186.26717557251908,478.82442748091603
24,25,16.392126983010826,646.6153846153846,431.82667964946444,160.15968841285297,487.26484907497564
25,26,22.419704704471854,847.7567901234568,584.8617283950617,176.42962962962963,466.6901234567901
26,27,8.35462305800085,799.8872517616912,630.9436258808456,175.96925048046126,419.09417040358744
27,28,24.057964645914005,637.0376712328767,433.08561643835617,167.763698630137,609.3972602739726
28,29,6.295058676179139,599.6870897155361,555.6312910284464,176.31072210065645,528.2713347921225
29,30,23.38890479545815,750.8284313725491,362.77328431372547,171.71446078431373,453.5526960784314
30,31,28.91215043090105,648.2294685990338,493.81803542673106,175.63929146537842,1012.8913043478261
31,32,22.620960923352925,914.9900849858357,544.6281869688386,179.8626062322946,625.9334277620396
32,33,5.116018574831872,625.0214876033058,1060.9338842975208,171.80826446280992,322.9834710743802
33,34,20.541283947734563,513.140607424072,425.45106861642296,165.6400449943757,917.1507311586051
34,35,15.028243550866222,901.8127659574468,530.1475177304965,197.32553191489362,394.6354609929078
35,36,9.453770609772342,830.8881618084473,685.5318262938727,195.04521118381916,330.2474717430101
36,37,9.941590616288732,785.1603396603397,612.981018981019,190.9845154845155,315.14435564435564
37,38,23.167287827468613,684.3819776714514,415.24162679425837,172.13556618819777,546.6236044657097
38,39,27.25232553727752,906.8256467941508,648.8166479190102,155.99212598425197,564.4836895388077
39,40,6.901949744986479,657.5782383419689,426.1678756476684,187.21865284974092,527.9326424870467
40,41,34.46649193809668,1020.2062308029838,759.1544537077666,176.76480912681,805.3005704256253
41,42,8.017570628109171,782.209,458.224,198.036,435.378
42,43,15.812836768005758,746.5819601040763,538.3113616652212,164.96444058976581,488.7259323503903
43,44,21.70920050104757,627.0655172413793,389.9193103448276,159.77517241379311,412.1124137931034
44,45,22.135439011406636,714.339707536558,372.8447694038245,166.26434195725534,430.90888638920137
45,46,36.4090177795831,1088.6353759235114,655.6166883963494,157.6431986093003,644.019556714472
46,47,37.526191820624355,1121.8513207547169,1038.7343396226415,169.65433962264152,726.7516981132076
47,48,34.79830212104941,962.5919828203292,625.0365068002864,159.40014316392268,473.528990694345
48,49,17.58160410238071,722.8030572342694,454.15499466761463,171.49484536082474,515.7131176679701
49,50,6.326265784676447,676.1595253790375,488.255767963085,202.53131179960448,321.1595253790376
50,51,6.0047450707400944,673.2515683814304,734.4140526976161,169.43475533249688,403.92095357590966
51,52,40.49774758655271,1242.3461939520334,777.4535974973932,153.95620437956205,682.5954118873827
52,53,39.585507580107006,1133.5068807339449,645.9661697247707,155.10894495412845,528.9019495412844
53,54,23.665552545804204,614.5758017492711,356.2798833819242,162.90379008746356,478.0991253644315
54,55,38.373456116682384,1409.2502835538753,1910.9954631379962,164.43856332703214,587.6317580340265
55,56,37.568362789357266,1113.4922584089695,810.7351841964762,159.12920448478377,475.84943940202885
56,57,37.96525835473478,1300.4915139171758,1828.4453496266124,157.8173794976239,556.4025797691786
57,58,37.31029947473443,1413.8761384335155,1363.1420765027322,168.64845173041894,733.0555555555555
58,59,15.995143157213533,624.7418397626112,466.6142433234421,168.11275964391692,374.5657764589515
59,60,33.71750810888988,1135.248181083266,939.5056588520614,173.39854486661278,801.1192400970089
60,61,49.418170489847526,1026.9920239282153,1091.845962113659,157.28614157527417,594.1575274177468
61,62,34.17547651227149,622.9810030395137,941.9042553191489,147.60410334346506,859.1648936170212
62,63,48.36827079360231,1243.0352716873213,594.65204957102,155.0958055290753,509.61725452812203
63,64,7.281107006861219,638.6924719701015,897.5360384410037,155.41644420715429,480.43299519487454
64,65,46.7388863384653,1170.791907514451,1730.882225433526,158.79335260115607,484.2976878612717
65,66,41.978592546536106,1337.6714285714286,2261.9509523809525,162.94714285714286,545.0076190476191
66,67,11.429239639226779,802.9473170731708,498.5931707317073,195.02634146341464,347.0312195121951
67,68,30.505572675201545,852.2566037735849,589.402358490566,160.82216981132075,759.6099056603773
68,69,9.00322809464294,703.1402037147993,511.41102456560816,185.8136608747753,365.4727381665668
69,70,17.135679575529934,956.4942716857611,368.32733224222585,190.70049099836334,356.860883797054
70,71,48.41494722069195,1320.8400243309002,1673.5231143552312,160.3698296836983,458.73661800486616
71,72,3.394545929786712,638.503198294243,682.3262260127932,152.97441364605544,450.2942430703625
72,73,15.15661275780996,575.464322647363,603.4167528438469,169.08169596690797,408.6670113753878
73,74,42.011879044265335,1170.7257525083612,898.5036789297659,153.05284280936453,437.2207357859532
74,75,50.547279514647144,1319.3640992998091,1663.204964990452,156.2647994907702,591.0210057288351
75,76,26.230012026573473,580.9,384.2112903225806,161.6274193548387,556.8596774193549
76,77,53.99749552681075,1249.9834862385321,627.045259938838,167.12293577981652,470.67645259938837
77,78,58.061969627013326,1341.4722917411511,907.9109760457633,149.21487307829818,456.31498033607437
78,79,11.505585941432102,875.7991573033707,599.249297752809,199.33005617977528,337.47752808988764
79,80,52.56699939188476,1279.6618784530388,1776.1817679558012,155.60331491712708,456.82983425414363
80,81,51.05720808063004,1369.3368017524645,2025.5607886089813,158.13855421686748,526.2185104052573
81,82,45.809119730055464,1185.6925996204934,1587.8266919671094,165.29854522454144,768.6394686907021
82,83,58.38036977845927,1190.320297951583,1049.0782122905027,147.46135940409684,530.6550279329609
83,84,56.26298179321371,964.1873889875666,534.9049733570159,151.23268206039077,596.5044404973357
84,85,33.62736908427845,832.8928987194412,557.4639115250291,152.3498253783469,561.2450523864959
85,86,7.473435850924378,798.035145267104,843.8523898781631,178.39597000937206,348.267572633552
86,87,49.41220770199242,993.0494252873564,858.6402298850575,154.69770114942528,799.5252873563219
87,88,60.98274023867046,1088.1764705882354,674.951871657754,138.83208556149734,459.99786096256685
88,89,45.403561895120234,1302.9240837696334,1200.7807591623036,160.9640052356021,634.6066753926701
89,90,33.09963244990097,636.0743718592964,444.9758793969849,154.10050251256283,698.243216080402
90,91,39.73375313287877,1105.4982578397212,625.0905923344948,180.36120789779326,595.0743321718932
91,92,20.10756312488541,576.0372727272727,363.41545454545457,181.59727272727272,465.24727272727273
92,93,55.82732039408656,1425.3255159474672,2072.201219512195,159.02439024390245,536.0975609756098
93,94,61.73836534545339,1237.9005412719891,828.0933694181326,140.08998646820027,409.9972936400541
94,95,29.999965666270622,633.4342762063228,447.20549084858567,157.36522462562397,420.8585690515807
95,96,44.6037895260505,1024.797153024911,1930.7330960854092,154.02580071174378,586.1983985765124
96,97,58.04843453060978,1314.3085131610148,1701.9224567227886,154.50059283851078,509.20417358311596
97,98,68.44601801408517,1036.0494406351497,605.3879465896788,133.070371706965,374.8004330566582
98,99,33.1884108556465,784.4923076923077,464.17651821862347,166.93522267206478,599.0137651821863
99,100,65.78202575698859,956.1031822565092,649.976856316297,139.51687560270008,417.0482160077146
100,101,62.4971187649047,1315.9506172839506,863.7186484730345,142.91617933723197,358.9285250162443
101,102,6.989393333671609,678.1105442176871,558.8106575963719,173.69727891156464,473.1814058956916
102,103,62.74926067777501,1336.6023883237506,1831.313578062804,150.140645731977,561.984520123839
103,104,62.39092503230166,1212.8,707.3713043478261,141.84608695652173,518.6130434782609
104,105,37.516868487306326,991.5008896797153,796.4217081850534,163.0044483985765,686.7135231316726
105,106,53.9020072519899,1326.5875678342377,1794.8154908732117,165.26640355204736,624.2195362604834
106,107,67.48039020002153,1288.203426124197,784.6652391149179,139.03283369022128,367.2298358315489
107,108,40.533271797405284,990.1912260967379,458.0033745781777,164.19910011248595,812.8796400449944
108,109,8.14107297248738,710.3761398176292,873.8145896656534,165.29407294832828,532.3495440729483
109,110,45.313407852095374,1320.244094488189,2189.935796486978,159.17201695941853,533.3955178679588
110,111,72.1293266232081,1416.7471612414838,911.7554882664648,134.59651778955336,354.4292202876609
111,112,35.714449960321865,989.4015748031496,855.2650918635171,157.4435695538058,625.7235345581802
112,113,62.843925675393415,1310.4145077720207,1639.586139896373,158.4857512953368,528.4773316062176
113,114,46.97167836481813,1069.973600844773,844.6325237592397,161.14572333685322,561.6209081309398
114,115,21.665172243824184,889.8768821966341,470.24269264836136,183.9096545615589,684.0407440212578
115,116,29.50875298917298,1177.0662068965516,462.8786206896552,172.3544827586207,660.6027586206897
116,117,62.2095448498816,1177.0393258426966,2547.6899897854955,157.47242083758937,543.7359550561798
117,118,76.46008547817004,1268.1263907432133,700.4419225634178,139.37160658655986,432.7049399198932
118,119,28.737750972600566,972.7929759704251,555.3327171903882,173.03419593345657,698.275415896488
119,120,71.1767127754273,1282.20087124879,776.4298160696999,140.49806389157794,429.15343659244917
120,121,25.499120007958044,742.9398496240601,538.1639097744361,200.1593984962406,655.403007518797
121,122,35.79096221135476,1020.8006756756756,436.6295045045045,153.90315315315314,622.1981981981982
122,123,10.684882478469858,862.9888579387186,560.22191272052,179.11327762302693,491.0687093779016
123,124,68.34904315276482,1280.044151115157,795.7669549385525,139.03368229403733,368.77605826126535
124,125,43.82966745450709,1262.1458003169573,1603.7908082408874,164.04437400950872,621.7353407290016
125,126,57.546131879147374,1543.2440036900368,2673.417896678967,155.77767527675277,510.229704797048
126,127,78.81523715040623,1112.8459854014598,603.9109489051095,131.04890510948906,349.86058394160585
127,128,7.081931967525876,719.3034759358288,679.6717914438502,157.66978609625667,426.30748663101605
128,129,73.26463216023359,987.0907003444316,634.8082663605052,143.6681974741676,542.0907003444316
129,130,76.9023715866311,1382.9411153446483,858.1375129892622,137.79390370626948,412.5261517145826
130,131,44.67624977426152,1252.339233038348,1086.457227138643,172.1452802359882,573.8856932153392
131,132,25.318382806563296,1115.271551724138,509.45402298850576,165.7255747126437,636.3793103448276
132,133,75.82891804699834,1044.8555160142348,669.9274021352313,141.91387900355872,434.7800711743772
133,134,6.6623667553688986,915.466573816156,1105.7137883008356,189.81615598885793,505.55640668523677
134,135,52.7454705863115,1265.7679640718563,1683.3338323353294,169.9573353293413,676.2223053892216
135,136,71.62241833382407,1334.4002403846155,869.4819711538462,149.25480769230768,480.23197115384613
136,137,37.10881248835879,1207.7199552822806,1002.1755170486305,162.85522638345444,562.6439351593069
137,138,63.84425778125955,1409.3458731049973,1199.209994385177,150.7007299270073,494.4093206064009
138,139,84.0788814700333,1130.4533929903057,705.6532438478747,128.48098434004476,322.1222967934377
139,140,12.774961454586927,941.8078902229846,655.3953687821612,187.71612349914236,604.6535162950257
140,141,29.615785529625565,965.3098063710181,660.52467207995,176.4946908182386,651.6439725171767
141,142,77.27925665776075,946.7361835245047,687.3597497393118,144.5172054223149,531.4963503649635
142,143,35.76569646615094,1185.5655281969816,899.902303415409,162.9404289118348,599.7513899920572
143,144,69.7214798391977,1309.7840819542948,997.8589440504334,154.05988967691096,623.2884160756502
144,145,8.408760156422666,813.2953328232594,570.8263198163734,191.14460596786535,328.35883703136955
145,146,28.249954746970438,947.8812615955474,371.1960420531849,157.7687074829932,571.6190476190476
146,147,84.63812354984478,1265.9395683453238,795.589928057554,136.3568345323741,342.42302158273384
147,148,76.80499995682463,1129.7769092002404,751.0811785929044,134.90859891761878,342.126879134095
148,149,7.969298228045164,837.7942366026289,919.9029322548029,171.57178968655208,348.06370070778564
149,150,44.97223443551094,972.9012158054711,549.0782674772037,168.12841945288753,736.25
150,151,69.62166902971641,1311.9958071278827,837.958071278826,140.88050314465409,434.9105520614955
151,152,89.47057787346832,1382.5296282664704,717.8881118881119,134.27199116672801,360.8675009201325
152,153,78.98733937175466,1014.5113788487282,892.0073627844712,140.60776439089693,414.39223560910307
153,154,21.13963379531695,806.5477903391572,472.35149023638235,189.61562178828365,956.8725590955806
154,155,51.66598405758692,1274.1536358665937,1729.6588299617276,161.11864406779662,544.8993985784582
155,156,90.6467259148592,1475.0660569105692,840.4944105691056,136.1829268292683,345.9146341463415
156,157,38.61655745398555,1189.5951704545455,450.98579545454544,152.0099431818182,429.95454545454544
157,158,61.907604284309116,1156.128125,2136.97890625,159.82734375,803.11640625
158,159,91.16708521332723,1168.7933194154489,505.00835073068896,130.84133611691024,342.81315240083507
159,160,87.4441807083775,1290.1270833333333,824.89375,134.58125,331.95208333333335
160,161,89.00818263699323,1281.1421125781792,790.9072272411397,133.98505906879777,405.92251563585825
161,162,33.83403438259534,1026.5422667501566,730.1139636819036,159.89981214777708,510.0901690670006
162,163,23.53229258451747,853.0742705570292,178.3793103448276,130.3766578249337,244.0053050397878
163,164,77.18252020360153,1075.8034083992695,808.5751673767498,135.01095556908095,374.8715763846622
164,165,44.17971548822877,967.8955135773317,830.1015348288075,145.15584415584416,503.0891381345927
165,166,97.82825719198036,1342.3346100278552,805.1981197771588,137.7482590529248,350.591922005571
166,167,69.15057659779626,1439.4402852049911,854.4129530600119,149.30124777183602,503.9483065953654
167,168,59.57901901894982,1210.1911196911196,796.8590733590734,155.8779922779923,481.2833976833977
168,169,79.79384683208575,1392.8853006681516,887.7188195991091,146.07795100222717,508.0378619153675
169,170,95.11063915389693,1307.1971178589808,720.789500772002,133.0735975295934,332.6103962943901
170,171,34.06983719474011,1209.8484447385838,900.5029781601588,168.84513567174056,535.9953673064196
171,172,69.11128712659989,1205.5680093403387,802.430823117338,137.6987740805604,394.3053123175715
172,173,5.174451113942943,754.3476783691959,405.1313703284258,176.50962627406568,251.5968289920725
173,174,26.551666398409637,1145.582154515778,613.3699673558216,173.70293797606092,647.9597388465723
174,175,58.81558211141075,1320.5862412761714,1324.617148554337,148.15154536390827,498.43668993020935
175,176,99.20073785263138,1405.6624113475177,887.0056737588652,134.63475177304966,360.3070921985816
176,177,89.76180294955263,1393.1965535810448,874.6225094238018,141.55196553581044,428.5261173936457
177,178,40.901895795967214,1142.2503438789547,613.670793214122,154.02384227418617,457.3035304906006
178,179,50.15304885939706,1142.9286846275752,466.4960380348653,160.03011093502377,608.229793977813
179,180,57.657451453364956,1547.2748691099475,1062.068717277487,147.90968586387436,410.9967277486911
180,181,8.038752631603264,978.5590361445783,650.9831325301204,171.46987951807228,373.1975903614458
181,182,29.629510849812288,1103.5300678952474,732.3516003879729,166.39524733268672,446.26479146459747
182,183,87.4216614802981,1078.4585396039604,685.7202970297029,137.82673267326732,433.93688118811883
183,184,95.45937621862063,1181.9705014749263,604.6936367467341,134.75600505689002,478.85714285714283
184,185,11.35667394909999,894.7594594594594,785.5743243243244,166.575,271.1439189189189
185,186,16.40347904534616,932.4350619550253,498.2579164754475,178.35979807251033,573.8916934373566
186,187,96.95807808518182,1074.6140939597315,673.3008948545861,139.23601789709173,537.9284116331096
187,188,63.849449221233,1190.7778738115817,817.1840968020744,138.77095937770096,376.1132238547969
188,189,82.33743257124311,1434.8449514152935,786.9687367976342,142.3869877482045,418.86523024926066
189,190,4.442573993875435,564.0506072874493,550.4655870445345,156.1821862348178,553.1842105263158
190,191,81.39355201962861,1586.6910216718265,950.2693498452012,138.72321981424147,379.9015479876161
191,192,55.11303894377651,1103.203816793893,560.8786259541985,159.80992366412212,619.1251908396947
192,193,40.02433567647832,903.2936802973977,855.9944237918215,139.03345724907064,459.6115241635688
193,194,99.28282536305117,1127.3091787439614,688.3547273982057,134.1256038647343,381.6680469289165
194,195,105.05191831312513,1178.3694550063371,701.1920152091254,128.7465145754119,350.25665399239546
195,196,7.256241940120254,1221.1526666666666,830.4453333333333,189.80933333333334,322.152
196,197,45.730936996154604,986.1179302045728,804.4308062575211,144.69554753309265,523.3838748495788
197,198,72.80420786245679,1433.1121351766512,706.3087557603686,149.65898617511522,520.7434715821813
198,199,30.394621193479146,1228.3827804696236,688.9101751770406,164.92545657845696,574.2374207976146
199,200,49.08954261934595,1801.281976744186,411.7151162790698,147.5765503875969,443.48546511627904
200,201,100.41098997306209,1434.8637123745818,810.2842809364548,134.87040133779263,363.36622073578593
201,202,103.73897392189023,1422.0243902439024,464.67547425474254,134.33468834688347,435.60636856368563
202,203,102.52704588246083,1261.703464474457,653.5607751027599,137.18320610687022,468.191426893717
203,204,62.362956268084744,1184.0750950570343,525.3231939163499,157.33269961977186,563.0038022813688
204,205,108.4959252428683,1506.2560735390675,809.9816152330926,137.92777413000655,368.0892974392646
205,206,40.00997750987575,960.6120502817512,983.0316428261812,145.24273948851322,484.2249674902471
206,207,53.50502970655994,1384.7121026894865,929.5042787286063,139.16625916870416,326.070293398533
207,208,68.75894675561052,1407.7676303701703,799.4409619021886,134.48959740610647,368.80410699810864
208,209,14.05477646102615,695.3124108416548,788.4236804564907,149.83737517831668,343.0570613409415
209,210,78.18552744870375,1457.6838066001535,835.9577897160399,139.45970836531083,384.73983115886415
210,211,94.73098362309776,1060.7299651567944,700.0557491289198,132.34668989547038,342.26742160278746
211,212,40.64829083059813,1396.8694192682108,793.245720040282,152.89358845250084,419.6512252433703
212,213,27.313247643640885,794.5367521367522,517.0538461538462,162.12649572649573,544.9076923076923
213,214,86.38214667503195,1673.3128520225293,983.8883768561188,138.6820276497696,357.59805427547366
214,215,33.32332977280729,863.6631944444445,695.7829861111111,155.13454861111111,456.7986111111111
215,216,110.27516437743719,1506.6017699115043,709.412610619469,134.73893805309734,449.55199115044246
216,217,94.15603500860671,859.9292557111274,567.8548268238762,141.28445099484156,525.4075165806927
217,218,67.5908579485328,1374.654716981132,1115.4421383647798,149.48301886792453,488.22830188679245
218,219,4.394474369700489,550.8470319634703,446.48173515981733,168.69634703196348,664.0068493150685
219,220,106.62997559602763,1332.2140762463343,763.5063538611926,132.31182795698925,375.22189638318673
220,221,60.38621129226499,1116.8671497584542,743.4041867954911,132.29066022544282,327.0587761674718
221,222,116.77596106703349,1266.2806471686372,741.2171748599876,132.22339763534535,370.764156813939
222,223,112.31900369298376,1418.1518784972022,740.2893685051959,131.8089528377298,373.8201438848921
223,224,101.29332465211343,1006.0028312570781,595.2785956964892,124.52831257078142,312.2633069082673
224,225,75.4886776690231,1438.9001969796454,1055.8450426789232,145.24556795797767,424.4878529218647
225,226,48.165217024148596,1160.5542753183747,791.7932080048514,146.116434202547,396.89326864766525
226,227,90.2602043728732,1187.279371954521,713.1451001624256,144.1878722252301,582.4298863021115
227,228,94.54369680893168,1418.622131147541,855.9122950819672,138.60737704918031,429.44344262295084
228,229,102.31971552055467,1039.3772935779816,670.973623853211,134.78899082568807,407.1616972477064
229,230,115.00271073760865,1443.4896073903003,863.4980754426482,135.99076212471132,383.6543494996151
230,231,9.308551439287212,774.4101221640489,559.2513089005236,171.99476439790575,458.5593368237347
231,232,118.95260363497206,1191.3945686900959,712.5676251331204,128.29552715654953,332.3849840255591
232,233,7.217264721582957,945.681311018131,845.189679218968,196.10739191073918,355.8668061366806
233,234,55.37504956376243,1051.9213836477988,683.7672955974842,134.49842767295598,290.8694968553459
234,235,68.63875149352809,1024.432608695652,642.931884057971,130.8144927536232,347.02971014492755
235,236,85.38511074405262,1504.0605744125326,909.0281984334204,137.72167101827677,378.26788511749345
236,237,41.882444167058495,1064.7920077034184,832.8565238324506,159.95955705344247,431.08762638420797
237,238,115.8952726099655,1263.9404536862003,799.1351606805293,133.32325141776937,409.5396975425331
238,239,111.17646935391633,934.8910256410256,500.91715976331363,125.24112426035504,333.62179487179486
239,240,116.3487014387421,1519.9602649006622,930.1465231788079,135.51076158940398,389.36506622516555
240,241,50.90578535555769,1171.705329153605,617.6140282131662,158.7543103448276,543.125
241,242,27.689911935780536,863.3229959040375,410.45114101813925,173.01813926272675,942.4534815681685
242,243,19.40629872840316,834.4639940608761,493.5129918337045,180.1855976243504,529.3749072011879
243,244,78.60032599384483,1323.4969271290606,803.9297629499561,142.04302019315188,439.7465613110916
244,245,107.12983116856354,1364.3188010899182,631.8610354223433,132.78133514986376,346.31267029972753
245,246,85.63139346208835,1231.3877766069547,722.9926238145416,145.94836670179137,527.5258166491043
246,247,16.552684156243775,736.5620188195038,526.3216424294269,182.55175363558598,581.8006843455945
247,248,19.3424862416156,564.0024330900243,432.0243309002433,163.20194647201947,750.5279805352798
248,249,67.30331345117476,1586.9658034528552,1357.394754316069,153.933598937583,538.2426958831342
249,250,43.4958042118551,1078.5996944232238,704.663101604278,144.09014514896867,456.67990832696717
250,251,115.1254292319655,1463.1906542056074,893.0018691588785,135.50747663551402,341.69532710280373
251,252,99.01051081008444,1686.5827715355806,872.365543071161,134.04868913857678,336.7415730337079
252,253,7.37869113978426,784.5824372759856,683.1720430107526,182.55017921146953,394.4964157706093
253,254,79.20433107781452,1295.0257393209201,777.0695509309967,142.06243154435924,459.9353778751369
254,255,122.35095722072633,1354.8013915243516,750.7001897533207,134.90385831752056,420.56230234029096
255,256,101.71178068732827,1431.6545951486164,879.9900922446191,140.48684660061497,482.6487871540827
256,257,121.97565461627744,912.9592901878915,519.4123173277662,126.78496868475992,369.8528183716075
257,258,45.512108283450345,1207.1811900191938,987.798848368522,148.4172744721689,465.6418426103647
258,259,125.43863123623595,1280.2663165791448,637.5371342835709,125.45611402850713,330.5528882220555
259,260,55.26006009450686,723.3947368421053,342.0607287449393,128.37955465587044,386.8168016194332
260,261,89.59766160797511,1556.6901605024425,647.5247732030705,137.98464759246338,424.973482205164
261,262,89.59765481741552,1306.0622254758418,746.2313323572474,136.9670571010249,410.1661786237189
262,263,11.417811024274656,603.9072,455.0656,156.8352,398.9424
263,264,67.71827822205228,1305.4484702093398,669.4802737520129,134.14694041867955,358.6658615136876
264,265,8.990129836684815,1000.1149212233549,580.2011121408711,166.47451343836886,293.8609823911029
265,266,58.104663455030895,1118.3364427860697,736.3743781094528,161.86380597014926,570.3383084577115
266,267,119.69498733080326,1578.1420765027322,764.8132969034608,138.3551912568306,417.8406193078324
267,268,28.578051339385052,794.556862745098,511.95882352941175,171.83039215686276,594.4470588235295
268,269,96.79983146302547,1304.4161313347608,799.4054246966452,135.26338329764454,407.48822269807283
269,270,104.70359045814521,1726.2084142394822,857.2912621359224,133.9411003236246,355.9300970873786
270,271,120.70726676880831,1403.5998951232302,789.4992134242266,132.14263240692188,379.1830099632931
271,272,69.1227102237393,1481.185369083085,2258.3184376034424,154.04270109235352,512.0205230056273
272,273,42.848893141941716,885.2379958246347,369.4488517745303,155.05845511482255,620.9185803757829
273,274,3.457062157835579,581.3305613305613,439.1226611226611,166.87941787941787,536.1725571725572
274,275,51.23783498452157,1035.483870967742,518.182424916574,153.25695216907675,523.769744160178
275,276,132.14369990221203,1153.777183600713,672.4607843137255,127.06595365418895,312.24064171122996
276,277,113.25645795012282,1766.3059360730595,927.8980213089802,138.0509893455099,382.720700152207
277,278,25.061853675080343,890.44,387.19157894736844,177.15052631578948,593.1031578947368
278,279,80.51986599403494,1339.7104881585308,753.0526824552924,138.61768970517159,530.214113098115
279,280,80.26286494234786,1425.342956694873,1318.2010950721751,153.40567446490792,484.12493777999003
280,281,115.01929231226856,1379.5683269476374,851.6736909323116,134.93295019157088,382.4176245210728
281,282,129.8922322308404,923.0840336134454,504.4109243697479,118.52352941176471,247.57899159663864
282,283,29.242153765855747,1060.0247066090178,452.6256948733786,172.12353304508957,793.2019765287214
283,284,6.3136063742256034,605.620253164557,473.97552742616034,182.84810126582278,764.1518987341772
284,285,109.062112001359,1540.4480830670927,631.4640575079873,143.07268370607028,515.8466453674122
285,286,7.057204956078766,621.9276094276095,506.2255892255892,160.2053872053872,429.23569023569024
286,287,11.794796051411502,685.9103690685413,450.8664323374341,149.92267135325133,282.5782073813708
287,288,102.43502892966131,1434.7565935811883,830.8474737845568,138.89037178265013,499.3158563711471
288,289,62.64185862297128,1130.596038691847,728.590050667895,131.18102257024412,304.2169507139567
289,290,14.372371595912234,1058.888,1300.2666666666667,165.98044444444446,451.3368888888889
290,291,93.002856486509,1305.403322565759,786.2727272727273,141.39270881402862,589.3207198892478
291,292,42.98327664310778,919.6181818181818,370.6727272727273,163.76842105263157,571.511004784689
292,293,127.92449570156501,1244.1247216035636,655.2984409799554,129.61915367483297,341.6726057906459
293,294,40.73067110022644,942.4707520891365,1047.1467038068708,153.4103992571959,802.9062209842155
294,295,54.92688419087077,1359.664560294892,633.582411795682,158.43391258557136,391.8272775144813
295,296,109.8985145375964,1376.4658848614072,795.6481876332623,131.43710021321962,333.76545842217485
296,297,98.87071971905357,1359.2314343845371,741.973041709054,131.80467955239064,323.8331637843337
297,298,122.50291292911248,1488.0322097378278,596.1970037453184,131.12359550561797,362.82172284644196
298,299,88.04463380568542,1250.583600256246,952.3331197950032,137.94939141575912,432.3619474695708
299,300,139.17669743709936,986.7047308319738,644.0407830342577,117.7446982055465,235.4983686786297
300,301,138.07528672670418,1118.231220657277,703.4014084507043,127.15023474178403,339.84507042253523
301,302,66.80197241784202,1500.0410410410411,1888.8571905238573,151.39372706039373,505.0583917250584
302,303,70.97762806205111,1101.862886597938,757.5546391752578,129.44432989690722,328.45257731958765
303,304,116.07142323278012,1248.6816326530611,820.6269387755102,136.81632653061226,438.4889795918367
304,305,8.905939743550483,791.8793814432989,578.0886597938145,154.0278350515464,375.2938144329897
305,306,57.086427022255535,1040.0309023485786,630.920889987639,144.31396786155747,407.0432632880099
306,307,7.9285961431061525,757.5379746835443,589.7983725135624,185.14376130198914,452.248643761302
307,308,78.41183556379438,1104.9253302699599,1795.7696726019528,154.60654796094198,718.3182079264791
308,309,36.130127809652905,726.2890262751159,323.95208655332306,158.8191653786708,611.5347758887171
309,310,130.52818797845123,1150.8141025641025,702.5496794871794,124.34214743589743,263.45753205128204
310,311,75.74674346277918,1276.0217006200178,746.1178033658105,129.32506643046943,332.9140832595217
311,312,140.13359226851435,1145.7775609756097,563.2770731707317,125.98829268292683,275.52878048780485
312,313,117.15106483503631,1569.0877483443708,496.4668874172185,126.29966887417218,238.16390728476821
313,314,124.41668452956857,1300.5288248337029,657.4486326681449,133.3458980044346,421.7867701404287
314,315,30.659726865616406,1007.1368653421633,590.4784768211921,163.41556291390728,499.84381898454745
315,316,47.929025332669845,1334.4734513274336,2373.430088495575,148.7566371681416,499.59469026548675
316,317,54.578108029299784,1358.9166666666667,851.962380952381,147.35095238095238,422.6509523809524
317,318,24.29764346590825,984.9841656516444,419.65773447015835,177.18148599269185,522.6638246041413
318,319,14.22906315927816,743.3587443946188,497.7713004484305,178.90358744394618,428.03811659192826
319,320,124.10280942767939,1340.0635808748727,729.763987792472,131.37182095625636,373.59308240081384
320,321,94.5541203241769,1180.7062146892656,782.4858757062146,134.79830508474575,358.4920903954802
321,322,112.55922149785279,1123.0726520968694,692.4246898995865,127.59716479621973,321.72415829887774
322,323,145.8333857020445,1022.2616720955483,543.3930510314875,122.07926167209556,279.17372421281215
323,324,40.77247003405714,754.0446623093682,442.83006535947715,162.18627450980392,932.8148148148148
324,325,5.536955260760296,550.8712686567164,359.92630597014926,149.2910447761194,321.0335820895522
325,326,137.67693098848218,1078.6903096903097,632.0899100899101,127.06193806193806,323.6363636363636
326,327,132.09090687119755,1365.9208006962576,714.1827676240209,133.74412532637075,473.50391644908615
327,328,105.43304001939958,1444.5530243519245,746.4351924587588,132.23880597014926,317.9819324430479
328,329,88.49739321233183,1435.3122878479294,753.1683638832315,133.44534962661237,392.9551934826884
329,330,7.815030478355546,786.8492907801418,498.79787234042556,198.63386524822695,496.2836879432624
330,331,28.957588293625165,756.9500891265598,392.09893048128345,158.29679144385025,683.867201426025
331,332,68.09832827466384,975.8630838131797,657.4388995521433,131.25591810620602,283.9033909149072
332,333,95.22855417726996,1466.5032386646737,768.1659192825113,136.22820129546588,385.04733432984557
333,334,84.18994519777247,1408.6446552353157,840.6669098869025,135.6570594673477,338.48960233491425
334,335,78.11280878605903,1260.1680071492403,1563.2627345844503,151.55764075067023,662.7605004468276
335,336,39.49418795886172,1132.692700357325,940.3476263399693,150.0393057682491,518.1403777437469
336,337,62.27469242224661,1288.6663900414937,864.6116182572614,148.31507607192253,536.8390041493776
337,338,54.66051505569987,1167.7836879432625,599.1662726556343,150.10914105594958,463.8100866824271
338,339,46.507081367430004,809.1883454734651,442.8969823100937,163.2726326742976,780.9417273673257
339,340,8.369275954389666,641.5714285714286,491.0360610263523,138.82662968099862,291.24063800277395
340,341,150.78096375694298,1253.5090497737556,722.6802413273001,127.2948717948718,281.78054298642536
341,342,20.705928575134884,794.6116438356164,440.14931506849314,178.9267123287671,371.32260273972605
342,343,70.69063386939884,1277.0565167243367,1306.9677047289504,153.23414071510956,608.7877739331027
343,344,29.458564094665174,1177.8148148148148,980.6619635508524,154.49853027630806,536.9341563786008
344,345,141.1791961794087,843.02,483.51,118.82272727272728,237.7718181818182
345,346,46.82613348093455,1157.712166172107,1348.6142433234422,152.74876360039565,637.8506429277943
346,347,114.05926786202765,1309.6280384397965,664.0011305822499,131.1305822498587,344.0180893159977
347,348,129.95291294065495,968.6758974358975,513.2174358974358,121.58051282051282,279.0092307692308
348,349,8.93507892263765,789.9077340569878,519.4966078697422,181.48846675712346,573.0773405698778
349,350,122.1625125034613,1100.2256331542594,573.0053722179586,128.22486569455103,354.77052954719875
350,351,63.25618021423665,1087.2183263207105,636.8284244974287,139.10799438990182,440.9719495091164
351,352,47.29803694412316,1043.8188775510205,539.4770408163265,168.7610544217687,565.9260204081633
352,353,38.43025610428923,1253.8110709987966,479.9482551143201,157.28700361010831,455.35018050541515
353,354,28.173185464220392,811.3259705488621,426.5381526104418,165.1532797858099,409.475234270415
354,355,24.13079513962462,765.9398496240601,391.24436090225566,162.04323308270676,505.10714285714283
355,356,32.96192739996421,1046.9624608967674,587.3618352450469,170.58602711157457,572.9040667361835
356,357,79.7305291360219,1265.8691437802909,704.7517501346257,138.63220247711362,362.46742057081315
357,358,72.45448222028716,1461.9404015056462,1014.5934755332497,139.8375156838143,403.9974905897114
358,359,134.0726514017907,1455.8100183262065,825.3488087965791,130.51802076970068,396.40684178375074
359,360,145.11343497252176,1173.4614803625377,589.452416918429,123.23489425981873,269.68731117824774
360,361,103.77957674108124,1509.0371163454674,749.5885082084226,135.69664525339044,393.4325481798715
361,362,115.81276349814284,1348.0795404330536,722.464869642068,132.2642509942554,351.00176756517897
362,363,87.08314019269427,1332.8593134496343,726.8317388857625,135.9803038829488,357.42037141249295
363,364,126.65716438086892,992.2427745664739,511.3824662813102,125.58766859344894,395.35838150289015
364,365,46.07443286187141,1265.636042402827,1948.4129227662797,155.46289752650176,564.2064613831399
365,366,18.875520606680013,647.0751322751323,330.85079365079366,158.66984126984127,430.26349206349204
366,367,91.06434783974812,1353.4978885135135,845.09375,134.02322635135135,372.55447635135135
367,368,143.14227323769222,1360.6304023845007,672.9120715350224,126.88152011922504,325.1900149031297
368,369,116.08641741857873,1236.5306495882892,804.0686184812442,132.24062214089662,358.3311985361391
369,370,68.26263073923407,1355.977786592622,801.8936929789766,137.05037683458946,388.6949623165411
370,371,51.90722889914839,1445.922190201729,2210.6337175792505,151.21383285302593,491.535734870317
371,372,77.02898302968275,1233.8606356968214,861.3471882640587,129.88264058679707,330.3113284433578
372,373,133.7134003162728,1186.8410794602698,716.688155922039,122.23013493253373,271.51874062968517
373,374,8.742721984735706,591.5721726190476,336.3854166666667,168.98214285714286,354.18973214285717
374,375,5.918790919215047,597.24064171123,501.2919786096257,154.2673796791444,395.73155080213905
375,376,41.25728064758852,877.1589743589743,529.3820512820513,169.77692307692308,747.8153846153846
376,377,107.79323036833733,1177.5798592311858,629.5046020573903,133.86247969680562,474.2084461288576
377,378,45.4793560415168,1215.7225609756097,514.3028455284552,153.3780487804878,646.224593495935
378,379,93.35513908847774,1010.4333333333333,592.376,126.96666666666667,339.9266666666667
379,380,33.20822268838022,1007.6711573790569,660.96509491733,168.24556031843233,628.0496019595836
380,381,131.37739598488673,1214.8517217146873,625.4834855938159,132.81447645818693,495.7406886858749
381,382,119.60098526190622,1430.6878130217028,813.2353923205342,131.53422370617696,422.89816360601003
382,383,17.512521679261074,787.1299019607843,442.9468954248366,158.6968954248366,362.79901960784315
383,384,99.46558212649136,1372.4938556067589,863.5714285714286,135.394777265745,452.01612903225805
384,385,79.46170115908306,1042.0635983263599,613.749790794979,132.63012552301257,407.82510460251046
385,386,115.19645052923298,1473.2677295217152,893.9081913139088,132.04837822979658,384.98350742166025
386,387,58.08718093246873,1661.050141911069,1398.5946073793757,143.56575212866605,352.7062440870388
387,388,7.045079263471032,882.8849171752397,633.6765475152572,172.00174367916304,445.5998256320837
388,389,36.54910579277561,1182.1216905513725,1766.6281272771434,154.56473160068012,554.6181685693466
389,390,76.01533856747315,1161.4360563380283,672.1712676056338,139.20732394366198,445.02028169014085
390,391,89.76105305698457,1338.4106334841629,819.8297511312218,143.12443438914028,588.981334841629
391,392,132.73150818479638,1221.9124735729388,715.9801268498943,127.04947145877378,367.1369978858351
392,393,128.18443930398965,1374.580783682233,662.9640365002684,123.50456253354804,262.35963499731616
393,394,24.873360913202767,931.9861033907727,476.0956086714842,160.53362979433018,584.5981100611451
394,395,6.706035161541096,728.1896880967537,789.9719923615531,143.82558879694463,415.94143857415656
395,396,93.298631545113,1384.1555989583333,787.208984375,138.0859375,401.5514322916667
396,397,65.67128807463457,1129.6990881458967,826.4212765957446,138.29969604863223,408.2255319148936
397,398,52.38327687461614,941.6429897864439,447.41829155060356,145.525069637883,470.12674094707523
398,399,130.71794940537703,1214.3077905491698,695.8876117496807,126.16091954022988,347.0178799489144
399,400,10.06408445161562,819.3117443868739,407.8411053540587,160.91450777202073,351.73056994818654
400,401,110.00847620831264,1013.1858808290156,534.740932642487,125.35621761658031,327.0142487046632
401,402,80.04875501447303,1559.4886240520043,761.5612134344528,140.42434091729865,434.8696280245576
402,403,116.65801565890862,1505.3259746359793,851.7515265382809,140.95678722404884,567.9643024894317
403,404,42.778941194663474,1019.3480475382004,483.0449915110357,154.58319185059423,490.6247877758913
404,405,67.41484789387225,1247.1236429433052,799.8630880579011,133.3962605548854,360.75753920386006
405,406,84.88404062340055,1179.431592861864,697.8929279577,134.14606741573033,411.2967614011897
406,407,116.30740785457219,1515.4513776337114,732.2455429497569,131.742301458671,367.9935170178282
407,408,122.32276164318914,998.19061302682,478.58429118773944,133.83908045977012,490.04597701149424
408,409,78.0112254727211,958.6332263242375,642.5345104333868,139.1187800963082,596.1300160513644
409,410,35.2478417959178,1138.832028898254,501.51776038531005,167.00240818783865,418.48043347381093
410,411,97.13103273637059,963.8145580589255,646.630849220104,128.0476603119584,344.03639514731367
411,412,26.60435657303112,719.8443579766537,440.84824902723733,162.71984435797665,771.6070038910506
412,413,105.91810947888472,1396.9989837398373,922.7286585365854,140.27845528455285,508.635162601626
413,414,7.418546582276966,1138.5107344632768,655.4666666666667,178.8361581920904,287.2700564971751
414,415,45.67190163617798,1317.7759162303664,2098.02722513089,151.27329842931937,586.1413612565445
415,416,123.44404364645965,1231.099062133646,595.4994138335287,126.46248534583822,329.2080890973036
416,417,103.1722423653235,1824.2950026867275,816.4062332079527,135.2821063944116,335.0338527673294
417,418,59.204222834684934,1180.9729055258467,914.0477718360071,144.56470588235294,502.02388591800354
418,419,89.93930080915976,1359.323076923077,805.5830769230769,136.07333333333332,410.7564102564103
419,420,123.27695985889339,1210.8100595632031,649.1906022501654,135.28259430840504,542.2733289212442
420,421,50.64441670761007,1391.3335597826087,729.741847826087,153.6705163043478,401.1942934782609
421,422,108.34564372178265,1169.757453666398,790.5020145044319,133.02981466559226,412.77518130539886
422,423,87.58405289681657,1192.5157750342935,509.8079561042524,135.87791495198903,481.917695473251
423,424,17.93687855097842,698.6011102299763,415.390959555908,158.80333068992863,587.898493259318
424,425,43.527871515856,1155.75,688.9401785714285,160.40892857142856,552.8160714285714
425,426,22.93849013874061,893.1289840637451,522.7978087649402,155.95019920318725,628.85906374502
426,427,33.86307160808558,1299.5494505494505,2261.581632653061,151.96546310832025,575.6554160125588
427,428,70.0939299988844,1187.6275096112772,664.2605724049552,131.34130713370354,365.1067919692439
428,429,117.0956150771338,1114.265742345465,726.3974581166956,133.77469670710573,451.7255921432698
429,430,99.0741518469374,1359.880442804428,417.3490774907749,130.9889298892989,411.2118081180812
430,431,71.89958328964318,1348.7988047808765,816.3809760956175,133.68525896414343,370.25099601593627
431,432,7.471856311585882,604.0750371471025,395.38335809806836,156.07206537890045,339.9665676077266
432,433,44.83261809811565,1291.7536832412522,1930.6758747697975,151.1243093922652,510.1744935543278
433,434,92.97946722293854,1539.1205197132617,823.3436379928315,134.97043010752688,413.56586021505376
434,435,21.84092987258188,442.68380952380954,333.7314285714286,153.60380952380953,634.6552380952381
435,436,12.820919111846127,926.9280283831729,537.3907754688292,165.54637607704004,341.84642676127726
436,437,108.57142179796593,1490.8117048346055,757.1905569691829,135.51908396946564,387.1679389312977
437,438,116.86251722038762,1131.6300813008131,727.5,129.5721544715447,358.0762195121951
438,439,80.90504973581571,1372.2744161358812,818.9814225053078,130.89490445859872,306.8004246284501
439,440,89.86670448659972,1526.231506849315,775.713698630137,134.0082191780822,344.03698630136984
440,441,78.65722547938407,1096.5622557230597,569.6030150753769,133.13400335008376,471.10887772194303
441,442,99.83848780249747,1324.3869716944553,686.4048080651415,127.61186506397829,328.6645986816596
442,443,4.872592379078098,579.8996478873239,281.92957746478874,171.59859154929578,372.1214788732394
443,444,108.21307523243681,1477.2807980049874,602.5790523690773,133.63740648379053,451.6558603491272
444,445,32.48699045261525,983.0669610007359,497.35393671817513,157.04709345106696,346.3517292126564
445,446,114.56455003755046,1126.4425339366517,628.131221719457,138.8425339366516,582.9619909502262
446,447,39.81857330138619,948.1205882352941,673.1735294117647,153.09411764705882,588.9078431372549
447,448,34.59159937470791,1212.863354037267,1926.2111801242236,148.1226708074534,633.0877329192547
448,449,61.06217026506995,1342.8235574630423,909.4163090128756,139.07248450166904,376.6285169289461
449,450,91.42265009113169,1475.7634880803012,858.8124215809285,131.15934755332498,336.23212045169385
450,451,4.740970415470755,668.7708533077661,416.92905081495684,160.5091083413231,283.9817833173538
451,452,51.406952624915924,1279.3263268523385,1604.4708355228586,144.02679978980558,520.1650026274303
452,453,64.07388408444886,1285.067612687813,812.0651085141903,136.75542570951586,361.41402337228715
453,454,43.33856347389032,1324.1977591036414,2265.8840336134454,146.296918767507,439.5232492997199
454,455,98.5273466068966,1463.6537295330504,903.8920557913888,137.6755609460279,414.7798665858096
455,456,11.082799274892372,666.2467771639042,370.95580110497235,158.10589318600367,681.9355432780848
456,457,43.682355414603606,1126.4354769097972,988.034095813552,145.9205869659042,499.79456193353474
457,458,77.07160374707414,1388.7391518737672,756.8047337278107,132.2421104536489,310.45414201183434
458,459,107.54810804293206,1342.6403861625101,764.0539018503621,139.858407079646,450.04183427192277
459,460,76.11039339966425,1254.9251665812403,689.021527421835,133.2004100461302,386.7965146078934
460,461,25.562535158913054,810.8265306122449,442.2487244897959,161.88010204081633,300.18367346938777
461,462,55.06606195006784,1249.156052298608,1078.0388021931674,144.9624630957402,497.4512863770561
462,463,102.32532973897824,1435.671653543307,765.5590551181102,138.4200787401575,507.91417322834644
463,464,105.93151651455057,1495.2722972972972,867.8560810810811,136.20810810810812,433.74256756756756
464,465,17.79817203221369,513.1354679802955,317.3817733990148,157.23891625615764,462.4396551724138
465,466,24.61322906836631,939.6679506933745,742.831278890601,166.6140215716487,571.326656394453
466,467,99.801630625941,1331.6423584173779,715.3995345228859,132.84871993793638,342.15283165244375
467,468,107.45726761660949,1417.4933823529411,766.9095588235294,132.7404411764706,365.0147058823529
468,469,30.830559787153483,1115.7966101694915,1112.2939231087225,160.90863993385696,572.6229847044233
469,470,81.6410308067463,1332.3715170278638,588.7739938080496,128.93312693498453,317.9950464396285
470,471,32.869509605721284,842.2796336206897,423.6153017241379,160.51346982758622,685.8911637931035
471,472,35.380741575787,1123.4850669412976,1625.486096807415,156.038105046344,723.2790937178166
472,473,6.645335000862669,545.1000914076783,271.72303473491775,171.0553016453382,514.4533820840951
473,474,64.38663883077321,1107.2258426966291,603.6455056179775,128.5870786516854,349.935393258427
474,475,95.47691667918316,987.6990521327015,574.8554502369668,121.3909952606635,333.18483412322274
475,476,102.22852026227599,1157.101818181818,556.4845454545455,130.32090909090908,328.2245454545455
476,477,69.95054076475314,1274.7516930022573,652.4029345372461,130.68171557562076,341.4492099322799
477,478,60.54602957882475,1140.1623376623377,850.2922077922078,139.00541125541125,418.0021645021645
478,479,93.71642211162664,1578.6374092009685,879.2324455205811,135.75,361.82142857142856
479,480,100.32557563832722,1517.9395085066162,820.7183364839319,135.74102079395084,431.82703213610586
480,481,77.70185224435973,1061.72030651341,531.6688560481664,130.03338806787082,338.88834154351395
481,482,87.02978021352305,1160.216,714.348,131.823,434.814
482,483,65.73156894799156,1285.844465203176,1121.1749182624942,142.61513311536666,487.971975712284
483,484,44.115426801105485,1450.409947853991,2334.4853590052144,151.53951062976333,430.1291616526274
484,485,99.92209942157743,1400.5,715.6862284820031,131.86463223787166,352.14084507042253
485,486,84.99726161841802,1457.8086330935253,732.2935251798561,134.41438848920862,361.09280575539566
486,487,43.617365651974694,1407.9649784482758,1013.2489224137931,164.87446120689654,433.9595905172414
487,488,98.86867788648628,1276.7059809949692,726.8580212409167,130.69480156512017,340.2325321408608
488,489,85.71656500577961,1306.6432621020497,657.7522895769735,127.96598342782382,338.19537723506323
489,490,52.11637768568209,1488.009061488673,1072.2064724919094,158.57864077669902,446.5495145631068
490,491,56.17619682666485,1498.5765563656757,1990.9371845204712,146.5445877734156,552.6096466629276
491,492,94.63575870408422,1429.7762557077626,895.0034246575342,132.4052511415525,366.0308219178082
492,493,48.70327456865976,1500.4416543574594,924.4970457902511,152.12998522895126,534.3862629246677
493,494,87.32391125354721,1506.175184936113,732.6045729657028,131.85406859448554,368.5685944855414
494,495,57.62318547441558,1480.069417157826,705.7380484610347,142.00196463654223,458.96398166339225
495,496,65.0182377335632,1342.614337568058,1722.1588021778584,141.74682395644282,447.016333938294
496,497,19.79555863069748,572.3932448733414,274.6984318455971,150.94089264173704,411.7864897466828
497,498,13.849558628312739,819.2913752913753,455.06410256410254,180.5174825174825,415.63286713286715
498,499,85.03554832249155,1559.289209535759,782.2082810539523,136.57967377666247,383.9604767879548
499,500,94.32780875998652,1200.7202216066482,684.4616805170822,134.1006463527239,470.30378578024005
500,501,9.70069857180181,832.7870081199251,596.0212367270456,154.44034978138663,414.96096189881325
501,502,7.7642170992946,971.1340782122905,769.6657355679702,186.31936685288642,355.80633147113593
502,503,34.97312696834484,994.2656323460272,772.7150916784203,148.3784673248707,501.4184297132111
503,504,28.129467471552807,541.8426842684269,342.45214521452147,152.3993399339934,695.6809680968097
504,505,77.75635181328751,1117.5301675977653,621.8083798882682,130.60111731843574,362.159217877095
505,506,23.451832356538088,928.0640204865557,596.9398207426376,156.42509603072983,639.449423815621
506,507,78.05817048921934,1095.5344827586207,955.919540229885,138.08538587848932,392.927750410509
507,508,88.52280981012726,1191.6279569892474,649.5849462365592,136.54695340501792,431.9268817204301
508,509,72.0199618709056,1268.2431506849316,1387.140410958904,142.57123287671232,544.7424657534247
509,510,46.19245695974307,1403.4597612629957,2001.581055063535,151.21293800539084,553.4832499037351
510,511,83.32439455671286,1480.041739740442,686.3630305156086,133.64293230445458,385.53209400210454
511,512,84.91957406081666,1051.4250295159386,639.1306572215664,133.6375442739079,442.7725304998032
512,513,36.089148117268,1155.2954545454545,1207.2880094043887,154.60344827586206,485.65203761755487
513,514,90.84134777437593,1287.2680921052631,638.3421052631579,132.6784539473684,427.7516447368421
514,515,56.44072241615566,1147.7909319899245,1413.4137279596978,147.68324937027708,660.7915617128464
515,516,80.66182419889151,1497.537967510389,664.1700037778618,134.26860596902154,388.72874952776726
516,517,81.75463869241054,1391.437438905181,759.8636363636364,135.0948191593353,404.79130009775173
517,518,53.422553361366425,1357.3282387190684,1400.2227074235807,154.38282387190685,507.29184861717613
518,519,71.36761153213857,1188.4227146814405,888.7357340720222,142.5634349030471,489.3252077562327
519,520,65.49454772618112,1357.2456268221574,1791.2747813411079,147.6268221574344,545.8775510204082
520,521,16.27066080631913,843.4344758064516,509.523185483871,162.20262096774192,329.3215725806452
521,522,6.000810679650057,625.9311926605504,811.6275229357798,133.18440366972476,511.3348623853211
522,523,43.70062964598955,1199.5627880184331,1361.028801843318,147.92914746543778,557.905529953917
523,524,20.168293049443424,800.4134831460674,385.81573033707866,172.1876404494382,413.8258426966292
524,525,74.30489718094633,1413.9740802675585,796.8369565217391,133.46446488294313,449.2993311036789
525,526,30.393014510150092,1069.03515625,630.927734375,176.9716796875,606.6337890625
526,527,73.77451561447498,1387.9892307692307,794.6533333333333,136.02410256410258,395.2671794871795
527,528,69.48952807272846,1555.7625766871165,722.0466257668712,141.51411042944784,407.5963190184049
528,529,22.104496717367894,778.6470588235294,478.26050420168065,166.60504201680672,423.6932773109244
529,530,15.471572713612108,860.5496417604913,668.8239508700102,151.79989764585466,438.39099283520983
530,531,79.96909985716444,1408.0371014492753,917.6,135.3959420289855,425.8591304347826
531,532,60.225167220812,1348.6280749266532,2488.201534642293,149.51929587000677,545.9009252990296
532,533,59.37952893727456,1312.571661237785,1493.64006514658,152.0456026058632,911.5529315960912
533,534,6.008266713193851,556.4132231404959,481.20070838252656,157.6918536009445,668.5041322314049
534,535,82.92015883966734,1034.581901489118,612.8940435280641,133.0332187857961,440.1953035509737
535,536,48.84506753318117,1290.739847715736,2164.5554145516076,145.44712351945856,579.576565143824
536,537,8.978630748355332,839.5276564774381,690.5618631732169,167.13318777292577,342.68995633187774
537,538,30.403545264103016,1038.4115044247787,575.8643067846608,157.71828908554573,440.8038348082596
538,539,71.15550053718172,1275.059767570559,574.8799114554511,139.81184283342557,561.7874930824571
539,540,34.1801210785286,1139.5929451287793,1012.1819708846584,155.71668533034713,662.505039193729
540,541,24.615722590038793,959.4093789607098,428.1001267427123,160.79847908745248,370.3041825095057
541,542,50.35193238249265,1331.1083509513742,2146.23044397463,151.62473572938688,690.6559196617336
542,543,75.74967142236414,1066.7568850902185,673.1509971509971,133.35612535612535,444.6628679962013
543,544,15.54046630885641,988.7649505980239,619.5221008840354,163.204368174727,353.0800832033281
544,545,64.08508876046703,1099.6970102632754,899.1503792949576,140.70147255689423,447.1512717536814
545,546,61.65365965720442,1204.6221322537112,659.3036437246964,145.0080971659919,462.5668016194332
546,547,40.01184807299196,1219.0,1752.7800105764145,153.77948175568483,584.9000528820729
547,548,16.36611556817743,785.8633288227335,379.40730717185386,162.55142083897158,423.8910690121786
548,549,61.062674367924885,1456.849063670412,844.5044943820225,137.91048689138577,385.6138576779026
549,550,41.65755326969469,1299.7332722273145,1825.0999083409715,153.7057745187901,721.2736021998167
550,551,54.106745736521326,1492.3219178082193,2186.712756849315,151.16352739726028,562.357448630137
551,552,22.969398085758698,849.049504950495,383.54785478547853,157.72607260726073,660.3003300330033
552,553,5.343552573309193,541.0927710843373,388.6024096385542,138.46506024096385,589.510843373494
553,554,67.84427512994014,1440.3804409270774,737.9983041266252,136.6591294516676,388.504239683437
554,555,54.22955574535368,1565.0598006644518,2186.525470653378,154.68383167220375,473.1528239202658
555,556,71.14492491072886,1055.6139438085327,590.6951092611863,138.89386056191466,548.321540062435
556,557,57.115300583223245,1370.7570796460177,1527.0411504424778,152.61858407079646,615.0070796460177
557,558,64.85336840411523,1329.5112443778112,1026.3973013493253,139.14122938530735,482.2824587706147
558,559,71.03023933035028,1469.4425822470516,850.391061452514,134.33767846058348,352.33581626319057
559,560,6.355569685012465,750.869801084991,543.8363471971066,162.41591320072334,497.31735985533453
560,561,30.21188098779479,713.010989010989,383.7362637362637,155.1080586080586,611.1492673992674
561,562,71.23022225250244,1195.3808049535603,643.0835913312693,130.2561919504644,340.8769349845201
562,563,66.45776570370374,1170.08875,853.468125,140.861875,453.61625
563,564,46.68955737588327,985.4501915708812,1165.8438697318009,151.8323754789272,494.5239463601533
564,565,6.90243843793797,647.160394265233,434.3826164874552,153.3709677419355,569.1962365591398
565,566,34.552339270650414,932.6072538860103,1384.681865284974,156.59585492227978,865.1761658031088
566,567,25.13609061909689,744.2479338842975,404.91157024793387,157.4388429752066,505.1652892561983
567,568,16.665744382646395,985.9289340101523,356.8477157360406,162.41015228426397,598.5725888324873
568,569,14.762837059500374,793.7685794920037,528.5771401693321,144.5799623706491,328.349012229539
569,570,57.40330375513239,1064.74500907441,549.6597096188748,136.43012704174228,376.7631578947368
570,571,49.040131711521916,1304.8978260869565,2069.2934782608695,150.09076086956523,749.5733695652174
571,572,55.25015451783096,1573.3755215577191,2147.4742698191935,146.2538247566064,394.317802503477
572,573,45.874073450904774,1469.171524288107,2500.7882747068675,154.5115577889447,535.8358458961474
573,574,63.641007554265755,1003.1580996884735,519.797507788162,131.58566978193147,319.72429906542055
574,575,41.608550311092685,1131.3238845144358,863.8803149606299,171.2236220472441,829.098687664042
575,576,47.67324147374945,1388.9339239571798,1601.0749354005168,153.63971945367294,513.2583979328166
576,577,28.303372321093413,950.1105263157895,516.64,165.42947368421054,450.55894736842106
577,578,59.210043220017106,1236.7914312617702,974.445856873823,136.51035781544257,385.9001883239171
578,579,59.07149884172508,1118.7777777777778,702.7742584213172,134.98190045248867,386.30115635997987
579,580,53.87461927260276,1394.5754296626353,1704.1699554423933,144.13940165499682,511.45385105028646
580,581,7.2332437922387625,932.9788806758183,540.2455121436114,166.708025343189,488.337909186906
581,582,61.14520734266887,1277.9431330472103,689.2011802575107,135.92864806866953,378.0670600858369
582,583,57.531105516116234,1209.409155937053,1124.9918931807345,140.60228898426323,446.9432522651407
583,584,46.09899051695888,1180.4320078546882,1817.8257241040747,145.0162002945508,505.2115856651939
584,585,56.34693288398599,1215.1045154743786,678.7732115677321,137.05580923389144,368.4094368340944
585,586,38.616406086208606,1068.436880072137,943.0694319206492,162.94995491433724,528.1460775473399
586,587,36.33359033317031,729.4766439909297,441.51383219954647,165.853514739229,666.253514739229
587,588,50.60439878601773,1106.8343343343342,842.2122122122122,139.522022022022,419.6226226226226
588,589,45.01899590616769,1407.7842916196919,1439.7125140924466,145.35738444193913,479.3066516347238
589,590,27.480975489029312,613.0834202294056,313.78727841501563,156.38269030239834,550.4535974973932
590,591,6.506386737264635,560.6630552546045,345.14192849404117,153.53846153846155,601.8483206933911
591,592,46.07633748685275,1357.1686746987953,2230.1917234154007,149.73546359350445,595.7553693033002
592,593,34.18020278607013,1299.0685082872928,773.8198895027624,154.14364640883977,662.771270718232
593,594,22.960722384107353,715.743093922652,391.5552486187845,147.52900552486187,357.8867403314917
594,595,18.14698526235133,794.27633289987,480.6176853055917,156.93693107932378,388.24382314694407
595,596,51.27000084676153,1253.5792387543252,1122.0581314878893,148.70311418685122,461.66020761245676
596,597,15.721995701268023,621.7234273318873,373.7765726681128,143.89045553145337,424.4251626898048
597,598,48.66070422469011,1282.7848176927675,706.4662283323371,144.28332337118948,428.01793185893604
598,599,33.104488439268664,1266.6957424714435,1660.9705780546901,159.62305295950156,822.6303219106958
599,600,25.272100202446367,1255.8968593861528,957.3665239114918,169.69271948608136,554.7398286937902
600,601,7.644094208653001,691.3522012578617,670.183962264151,174.0649895178197,368.78930817610063
601,602,37.18879244719272,1024.185497470489,1190.2192242833053,159.9876335019674,644.7093872962338
602,603,30.386492577856075,1079.1098198721672,1605.8280069726902,155.40557815223707,685.4154561301569
603,604,6.75297971580897,755.0558789289872,429.197904540163,144.55180442374854,607.4982537834692
604,605,40.91834794940088,1264.902004454343,826.9144766146993,154.40668151447662,532.211135857461
605,606,47.389327713162665,1348.8318777292577,1729.0556768558952,147.00327510917032,634.6058951965066
606,607,45.32198077802596,1327.581592920354,883.5890265486726,148.79787610619468,478.0254867256637
607,608,50.30172738659513,984.008991008991,775.6803196803197,142.06493506493507,469.3006993006993
608,609,36.239745964675755,1175.9116465863453,1488.647389558233,155.9124497991968,663.3244979919679
609,610,17.604612151953727,762.689030883919,610.555910543131,143.48455804046858,446.17145899893507
610,611,41.9638256383235,1152.7956427015251,1228.722440087146,151.33115468409585,466.54640522875815
611,612,8.575296838210607,913.931654676259,455.21342925659474,149.4388489208633,571.4310551558754
612,613,43.14537032274472,1376.5898141775638,680.883688919477,148.518238128011,449.7570543702684
613,614,29.828559341419947,692.4365743721829,366.82421120412107,157.09465550547327,569.8016741790084
614,615,19.660828613327833,1041.96992481203,712.5103383458646,148.50845864661653,387.4295112781955
615,616,32.21945775798081,1017.5629163582531,781.6558105107327,161.56032568467802,516.4311621021466
616,617,9.69767568579139,854.7326984126984,685.1720634920634,176.40063492063493,336.3022222222222
617,618,22.14499844446605,640.9019607843137,404.55,141.22941176470587,378.21176470588233
618,619,42.53510484461708,1205.8950056753688,1342.8649262202043,148.94154370034053,567.7809307604995
619,620,36.4250455420243,1295.4588106928531,1532.3120567375886,159.544462629569,497.78777959629025
620,621,10.37520174865705,802.0612244897959,549.8191094619666,136.10296846011133,494.20964749536176
621,622,34.53350232792234,1324.8480928689885,736.183416252073,150.8965174129353,443.5273631840796
622,623,26.47161130505179,1025.4269535673839,738.6217440543602,174.22763306908269,735.0673839184598
623,624,20.703698206214728,1227.6317567567567,939.6202702702702,156.05067567567568,453.03513513513514
624,625,28.165059946132864,846.4518664047151,563.2092337917485,160.61984282907662,396.3801571709234
625,626,34.239402534961194,1234.3088455772113,642.5659670164918,152.86581709145426,608.448275862069
626,627,37.8484993239528,1333.9225464190981,751.0381962864722,163.8737400530504,533.5358090185676
627,628,20.083427893515317,496.43959390862943,256.13604060913707,143.0233502538071,459.4730964467005
628,629,19.292089230719665,1172.559039359573,758.4089392928619,162.03002001334224,500.2181454302869
629,630,5.066154982374136,903.7440305635148,1223.546322827125,151.15281757402101,338.1852913085005
630,631,7.564202556098327,850.9733429394813,733.5619596541786,167.04106628242076,351.01080691642653
631,632,10.802416316971296,958.8738351254481,724.3003584229391,145.55125448028673,351.5906810035842
632,633,13.48884233395179,856.1889814221653,504.92761050608584,171.72325432415118,349.2703395259449
633,634,27.457814122388736,694.0524344569288,911.5243445692884,147.80224719101125,494.1955056179775
634,635,20.323873730319136,943.6517412935324,507.7896233120114,163.30348258706468,327.05188343994314
635,636,34.80475561262464,857.2233804914371,546.5070737155622,156.53015636634402,575.5606850335071
636,637,4.588793852514874,569.081225033289,414.0612516644474,134.1837549933422,401.93741677762983
637,638,8.237719502482147,811.5535714285714,583.9155844155844,155.54491341991343,442.836038961039
638,639,26.443687414714155,1244.208521626856,607.7127178825049,163.08005164622338,550.7430600387347
639,640,24.68921244299134,443.4013303769401,327.8780487804878,158.76829268292684,733.0421286031042
640,641,27.27059758197783,938.8290155440415,567.4322723908216,158.44189489267208,509.1117690599556
641,642,9.052246653570048,801.152516904583,481.21111945905335,160.60631104432758,302.0097670924117
642,643,6.843183915170652,766.371493555724,935.7065959059894,135.48673237300986,330.78620166793024
643,644,14.05256059563324,791.92280945758,476.6954102920723,155.4951321279555,255.23504867872043
644,645,26.70861393700157,645.1323763955343,341.14673046251994,160.23763955342903,842.170653907496
645,646,8.124748057153305,805.0570304818092,544.3618485742379,167.0,422.64896755162243
646,647,28.22874609024482,810.4497282608696,389.16847826086956,140.92527173913044,444.8858695652174
647,648,24.73155270269208,750.6988950276243,577.2458563535912,141.6982044198895,286.18853591160223
648,649,7.593139918860002,719.0656039239731,384.5830778663397,167.76394849785407,388.504598405886
649,650,18.54436247153963,729.3694421988682,347.2918350848828,149.8544866612773,324.3928860145513
650,651,18.70826693930366,958.949244966443,620.4203020134228,158.21854026845637,345.4836409395973
651,652,7.274491608291709,870.331960461285,827.7619439868205,158.17051070840196,266.12108731466225
652,653,18.054304089580814,1049.4968085106384,702.8574468085106,160.76489361702127,286.5234042553191
653,654,16.047118897846346,683.530442804428,380.8846863468635,148.75645756457564,356.9391143911439
654,655,23.01855326326841,832.7289972899729,413.949864498645,159.39566395663957,448.94037940379405
655,656,11.447362677335446,656.125313283208,374.68671679197996,148.34586466165413,309.31829573934834
656,657,20.481655723932832,951.7765640516385,467.5769612711023,148.70705064548162,286.66633565044685
657,658,6.703406510976726,667.5666423889294,609.332847778587,137.57975236707938,401.41296431172617
658,659,18.18789473693832,1041.2536151279198,517.496106785317,178.02447163515018,307.4783092324805
659,660,5.902436437145204,1077.9311449159327,685.1257005604483,163.00720576461168,242.35948759007206
660,661,14.237073276198497,935.1723095525998,503.4764207980653,159.0417170495768,301.09975816203143
661,662,8.925832470985855,860.5180722891566,746.3485370051635,138.8012048192771,344.9716006884682
662,663,6.928763847036034,533.7469767441861,453.6167441860465,158.14046511627907,463.0967441860465
663,664,12.673319774642403,834.7747318235995,386.6078665077473,192.45530393325387,280.6626936829559
664,665,9.530300130983871,814.1352916839056,584.1907323127845,162.81671493587092,514.9673148531238
665,666,14.38945778896241,862.7963855421687,490.3024096385542,151.9301204819277,361.82168674698795
666,667,7.3644103099884894,510.0606305578011,482.9571544058205,141.0266774454325,618.2433306386419
667,668,6.474160868052964,808.2805466237942,546.6824758842444,168.59163987138263,310.86897106109325
668,669,8.511828513873997,899.9700419412823,862.5098861593768,146.04853205512282,266.3049730377472
669,670,7.8914646538494235,916.0531208499336,999.4833997343958,145.26162018592296,427.4561752988048
670,671,4.409501483974221,604.5391014975041,550.5740432612313,138.25457570715474,624.242928452579
671,672,4.99759962648243,551.6271777003484,415.04703832752614,164.2439024390244,352.9198606271777
672,673,6.813587956367977,881.6644920782852,1074.1267474370923,142.64958061509785,353.7260018639329
673,674,7.446398029041358,894.2294713160854,970.5219347581552,146.39482564679415,495.69403824521936
